0 255 255 255 255 0 0 0 0 23 23 23 23 77 77 77 77
1 197 197 197 197 0 0 0 0 54 54 54 54 150 150 150 150
2 104 104 104 104 0 0 0 0 111 111 111 111 255 255 255 255
3 50 50 50 50 1 1 1 1 208 208 208 208 255 255 255 255
4 20 20 20 20 6 6 6 6 255 255 255 255 255 255 255 255
5 7 7 7 7 20 20 20 20 255 255 255 255 255 255 255 255
6 1 1 1 1 48 48 48 48 255 255 255 255 255 255 255 255
7 3 3 3 3 100 100 100 100 255 255 255 255 255 255 255 255
8 13 13 13 13 191 191 191 191 255 255 255 255 255 255 255 255
9 34 34 34 34 255 255 255 255 255 255 255 255 255 255 255 255
10 75 75 75 75 255 255 255 255 255 255 255 255 255 255 255 255
11 148 148 148 148 255 255 255 255 255 255 255 255 255 255 255 255
12 255 255 255 255 255 255 255 255 255 255 255 255 255 255 255 255
13 255 255 255 255 255 255 255 255 255 255 255 255 165 165 165 165
14 255 255 255 255 255 255 255 255 255 255 255 255 84 85 85 85
15 255 255 255 255 255 255 255 255 255 255 255 255 39 39 39 39
16 255 255 255 255 255 255 255 255 255 255 255 255 15 15 15 15
17 255 255 255 255 255 255 255 255 188 189 189 189 4 4 4 4
18 255 255 255 255 255 255 255 255 98 98 98 98 1 1 1 1
19 255 255 255 255 255 255 255 255 46 47 47 47 0 0 0 0
20 255 255 255 255 255 255 255 255 19 19 19 19 0 0 0 0
21 255 255 255 255 200 200 200 200 6 6 6 6 0 0 0 0
22 255 255 255 255 106 106 106 106 1 1 1 1 0 0 0 0
23 255 255 255 255 51 51 51 51 0 0 0 0 0 0 0 0
24 255 255 255 255 21 21 21 21 0 0 0 0 0 0 0 0
25 255 255 255 255 7 7 7 7 0 0 0 0 0 0 0 0
26 255 255 255 255 1 1 1 1 0 0 0 0 0 0 0 0
27 255 255 255 255 0 0 0 0 0 0 0 0 3 3 3 3
28 255 255 255 255 0 0 0 0 2 2 2 2 13 13 13 13
29 255 255 255 255 0 0 0 0 7 7 7 7 35 35 35 35
30 255 255 255 255 0 0 0 0 23 23 23 23 77 77 77 77
31 197 197 197 197 0 0 0 0 54 54 54 54 150 150 150 150
32 104 104 104 104 0 0 0 0 111 111 111 111 255 255 255 255
33 50 50 50 50 1 1 1 1 208 208 208 208 255 255 255 255
34 20 20 20 20 6 6 6 6 255 255 255 255 255 255 255 255
35 7 7 7 7 20 20 20 20 255 255 255 255 255 255 255 255
36 1 1 1 1 48 48 48 48 255 255 255 255 255 255 255 255
37 3 3 3 3 100 100 100 100 255 255 255 255 255 255 255 255
38 13 13 13 13 191 191 191 191 255 255 255 255 255 255 255 255
39 34 34 34 34 255 255 255 255 255 255 255 255 255 255 255 255
40 75 75 75 75 255 255 255 255 255 255 255 255 255 255 255 255
41 148 148 148 148 255 255 255 255 255 255 255 255 255 255 255 255
42 255 255 255 255 255 255 255 255 255 255 255 255 255 255 255 255
43 255 255 255 255 255 255 255 255 255 255 255 255 165 165 165 165
44 255 255 255 255 255 255 255 255 255 255 255 255 84 85 85 85
45 255 255 255 255 255 255 255 255 255 255 255 255 39 39 39 39
46 255 255 255 255 255 255 255 255 255 255 255 255 15 15 15 15
47 255 255 255 255 255 255 255 255 188 189 189 189 4 4 4 4
48 255 255 255 255 255 255 255 255 98 98 98 98 1 1 1 1
49 255 255 255 255 255 255 255 255 46 47 47 47 0 0 0 0
50 255 255 255 255 255 255 255 255 19 19 19 19 0 0 0 0
51 255 255 255 255 200 200 200 200 6 6 6 6 0 0 0 0
52 255 255 255 255 106 106 106 106 1 1 1 1 0 0 0 0
53 255 255 255 255 51 51 51 51 0 0 0 0 0 0 0 0
54 255 255 255 255 21 21 21 21 0 0 0 0 0 0 0 0
55 255 255 255 255 7 7 7 7 0 0 0 0 0 0 0 0
56 255 255 255 255 1 1 1 1 0 0 0 0 0 0 0 0
